Locations,1,2,3,4,5,6,7,8,9,10,11,12
1,0,8,4,0,13,5,9,4,14,8,7,12
2,8,0,8,8,7,8,17,8,22,1,12,20
3,4,8,0,4,15,1,13,0,19,8,9,17
4,0,8,4,0,12,5,9,4,16,7,7,12
5,13,7,15,12,0,14,18,15,24,7,12,21
6,5,8,1,5,14,0,14,1,20,9,10,18
7,9,17,13,9,18,14,0,13,8,16,6,4
8,4,8,0,4,15,1,13,0,19,8,9,17
9,14,22,19,16,24,20,8,19,0,22,14,9
10,8,1,8,7,7,9,16,8,22,0,10,19
11,7,12,9,7,12,10,6,9,14,10,0,10
12,12,20,17,12,21,18,4,17,9,19,10,0
