Locations,1,2,3,4,5,6,7,8,9,10,11,12
1,0,8,4,1,13,5,8,4,14,8,7,12
2,8,0,8,8,7,8,16,8,23,1,12,19
3,4,8,0,4,15,1,13,1,19,8,9,16
4,1,8,4,0,13,5,10,4,15,8,8,12
5,13,7,15,13,0,15,19,15,23,6,13,22
6,5,8,1,5,15,0,14,1,19,9,10,17
7,8,16,13,10,19,14,0,13,9,16,6,4
8,4,8,1,4,15,1,13,0,18,8,9,16
9,14,23,19,15,23,19,9,18,0,22,15,8
10,8,1,8,8,6,9,16,8,22,0,10,19
11,7,12,9,8,13,10,6,9,15,10,0,10
12,12,19,16,12,22,17,4,16,8,19,10,0
