Locations,1,2,3,4,5,6,7,8,9,10,11
1,0,16,1,11,1,8,14,29,31,30,32
2,16,0,17,7,15,23,20,45,50,45,48
3,1,17,0,11,0,8,13,28,32,28,33
4,11,7,11,0,11,18,16,39,42,37,43
5,1,15,0,11,0,7,14,29,34,27,32
6,8,23,8,18,7,0,6,22,26,20,24
7,14,20,13,16,14,6,0,26,27,25,27
8,29,45,28,39,29,22,26,0,4,1,4
9,31,50,32,42,34,26,27,4,0,4,1
10,30,45,28,37,27,20,25,1,4,0,4
11,32,48,33,43,32,24,27,4,1,4,0
