Locations,1,2,3,4,5,6,7,8,9,10,11
1,0,16,1,11,1,8,14,30,34,28,32
2,16,0,16,7,16,23,19,42,50,42,47
3,1,16,0,10,1,7,13,30,34,27,32
4,11,7,10,0,11,17,14,38,43,39,43
5,1,16,1,11,0,7,14,30,33,29,31
6,8,23,7,17,7,0,7,22,26,21,25
7,14,19,13,14,14,7,0,25,29,24,29
8,30,42,30,38,30,22,25,0,4,1,4
9,34,50,34,43,33,26,29,4,0,5,1
10,28,42,27,39,29,21,24,1,5,0,5
11,32,47,32,43,31,25,29,4,1,5,0
