Locations,1,2,3,4,5,6,7,8
1,0,1,4,4,4,80,57,24
2,1,0,4,4,4,75,56,24
3,4,4,0,1,8,78,56,26
4,4,4,1,0,8,79,57,24
5,4,4,8,8,0,78,55,24
6,80,75,78,79,78,0,44,52
7,57,56,56,57,55,44,0,33
8,24,24,26,24,24,52,33,0
