Locations,1,2,3,4,5,6,7,8
1,0,0,4,4,4,82,58,26
2,0,0,4,4,5,78,55,26
3,4,4,0,0,8,80,56,25
4,4,4,0,0,8,82,58,24
5,4,5,8,8,0,77,56,24
6,82,78,80,82,77,0,43,55
7,58,55,56,58,56,43,0,33
8,26,26,25,24,24,55,33,0
