Locations,1,2,3,4,5,6,7,8,9
1,0,56,60,49,67,66,4,61,74
2,56,0,2,9,6,6,61,3,13
3,60,2,0,7,8,8,58,4,16
4,49,9,7,0,15,14,49,10,22
5,67,6,8,15,0,4,66,4,8
6,66,6,8,14,4,0,64,4,8
7,4,61,58,49,66,64,0,59,72
8,61,3,4,10,4,4,59,0,12
9,74,13,16,22,8,8,72,12,0
