Locations,1,2,3,4,5,6,7,8,9
1,0,57,58,52,63,63,4,60,75
2,57,0,2,8,6,6,58,3,13
3,58,2,0,6,8,8,59,4,16
4,52,8,6,0,15,14,52,10,22
5,63,6,8,15,0,4,62,4,7
6,63,6,8,14,4,0,67,4,8
7,4,58,59,52,62,67,0,64,73
8,60,3,4,10,4,4,64,0,11
9,75,13,16,22,7,8,73,11,0
