Locations,1,2,3,4,5,6,7,8,9,10
1,0,7,21,6,11,1,4,54,53,4
2,7,0,20,2,9,7,3,58,62,6
3,21,20,0,19,12,21,20,63,62,19
4,6,2,19,0,8,6,2,61,58,4
5,11,9,12,8,0,10,8,61,61,7
6,1,7,21,6,10,0,5,56,53,4
7,4,3,20,2,8,5,0,56,57,3
8,54,58,63,61,61,56,56,0,1,58
9,53,62,62,58,61,53,57,1,0,55
10,4,6,19,4,7,4,3,58,55,0
