Locations,1,2,3,4,5,6,7,8
1,0,81,25,26,41,34,31,55
2,81,0,94,102,71,71,64,136
3,25,94,0,18,21,19,36,44
4,26,102,18,0,32,30,52,32
5,41,71,21,32,0,5,18,60
6,34,71,19,30,5,0,19,63
7,31,64,36,52,18,19,0,81
8,55,136,44,32,60,63,81,0
