Locations,1,2,3,4,5,6,7,8,9,10,11,12
1,0,3,7,6,1,8,3,12,8,7,34,37
2,3,0,9,7,4,8,1,13,10,8,38,39
3,7,9,0,4,6,6,9,13,6,7,32,38
4,6,7,4,0,6,2,7,12,2,5,30,34
5,1,4,6,6,0,7,4,12,8,7,34,36
6,8,8,6,2,7,0,8,11,2,4,28,33
7,3,1,9,7,4,8,0,13,9,8,36,38
8,12,13,13,12,12,11,13,0,12,7,24,28
9,8,10,6,2,8,2,9,12,0,5,27,32
10,7,8,7,5,7,4,8,7,5,0,28,32
11,34,38,32,30,34,28,36,24,27,28,0,4
12,37,39,38,34,36,33,38,28,32,32,4,0
