Locations,1,2,3,4,5,6,7,8,9,10,11,12
1,0,3,6,6,1,7,3,12,8,7,36,38
2,3,0,9,8,4,8,1,13,9,8,36,39
3,6,9,0,4,6,6,9,14,6,7,32,38
4,6,8,4,0,6,2,7,12,3,5,29,33
5,1,4,6,6,0,7,4,11,8,7,36,38
6,7,8,6,2,7,0,8,11,2,4,29,33
7,3,1,9,7,4,8,0,13,9,8,36,41
8,12,13,14,12,11,11,13,0,12,8,23,28
9,8,9,6,3,8,2,9,12,0,5,28,31
10,7,8,7,5,7,4,8,8,5,0,30,33
11,36,36,32,29,36,29,36,23,28,30,0,4
12,38,39,38,33,38,33,41,28,31,33,4,0
